_target_: a_scale.sampling.sample_six_params_grid
_partial_: true


#a: 1.406185256230049
#b: 1.294854454228347
#m_a: 60.3172332199839
#m_b: 69.99999999999997
#eps: 3.313223998134168
#sigma: 0.7167532806813679

a_min: 1.406185
a_max: 1.406186 #2.5 #3 #2.0 
a_levels: 1 #10 #10 #10

b_min: 1.294854   #1.01 #0.6 #0.5 #1.5 
b_max: 1.294855   #1.1 #2.0 #3.5 #3.0 
b_levels: 1 #10 #10 #10

ma_min: 60.317233 #800.0
ma_max: 60.317234 #1200.0
ma_levels: 1 #10 #10 #10

mb_min: 69.999999 #6 #1e3
mb_max: 70.0 #10
mb_levels: 1 #10 #10 #10

#ma_min: 0.1 #0.0001 # 0.0001
#ma_max: 10.0 #1.0000 # 0.01
#mb_min: 0.001 #0.0001 # 0.0001
#mb_max: 0.1 #1.0000 # 0.01
eps_min: 3.313224 #0.01 #0.0001 # 0.0001
eps_max: 3.313225 #0.1 #1.0000 # 0.01
eps_levels: 1 #10 #10 #10

sigma_min: 0.716753 #0.1 #0.0001 # 0.0001
sigma_max: 0.716754 #10.0 #1.0000 # 0.01
sigma_levels: 1 #10 #10 #10
